[gd_scene load_steps=13 format=3 uid="uid://ei7yuxef2awf"]

[ext_resource type="Script" path="res://main.gd" id="1_2opj5"]
[ext_resource type="PackedScene" uid="uid://cplpxwv1c5mxs" path="res://player.tscn" id="1_tfpmv"]
[ext_resource type="PackedScene" uid="uid://cufcoli28883l" path="res://mob.tscn" id="2_8jhrn"]
[ext_resource type="Script" path="res://ScoreLabel.gd" id="4_1sdmk"]

[sub_resource type="BoxShape3D" id="BoxShape3D_punpu"]
size = Vector3(60, 2, 60)

[sub_resource type="StandardMaterial3D" id="StandardMaterial3D_yhrjm"]
albedo_color = Color(0.34902, 0.470588, 0.341176, 1)

[sub_resource type="BoxMesh" id="BoxMesh_g0b5e"]
material = SubResource("StandardMaterial3D_yhrjm")
size = Vector3(60, 2, 60)

[sub_resource type="StandardMaterial3D" id="StandardMaterial3D_hwtj5"]
albedo_color = Color(0.988235, 0.529412, 0.176471, 1)

[sub_resource type="CylinderMesh" id="CylinderMesh_xrsld"]
material = SubResource("StandardMaterial3D_hwtj5")

[sub_resource type="Curve3D" id="Curve3D_0ib2p"]
_data = {
"points": PackedVector3Array(0, 0, 0, 0, 0, 0, -25.4996, 0.0163422, -22.0838, 0, 0, 0, 0, 0, 0, -26.1746, -0.607769, 22.8791, 0, 0, 0, 0, 0, 0, 24.9918, -0.565453, 22.2681, 0, 0, 0, 0, 0, 0, 24.8959, 0.0456047, -21.7909, 0, 0, 0, 0, 0, 0, -25.4996, 0.0163422, -22.0838),
"tilts": PackedFloat32Array(0, 0, 0, 0, 0)
}
point_count = 5

[sub_resource type="SystemFont" id="SystemFont_y5gc0"]

[sub_resource type="Theme" id="Theme_fipqf"]
default_font = SubResource("SystemFont_y5gc0")
default_font_size = 50

[node name="Main" type="Node"]
script = ExtResource("1_2opj5")
mob_scene = ExtResource("2_8jhrn")

[node name="Ground" type="StaticBody3D" parent="."]
transform = Transform3D(1, 0, 0, 0, 1, 0, 0, 0, 1, 2.08165e-12, -1, 2.08165e-12)
collision_layer = 4
collision_mask = 0

[node name="CollisionShape3D" type="CollisionShape3D" parent="Ground"]
shape = SubResource("BoxShape3D_punpu")

[node name="MeshInstance3D" type="MeshInstance3D" parent="Ground"]
mesh = SubResource("BoxMesh_g0b5e")

[node name="DirectionalLight3D" type="DirectionalLight3D" parent="."]
transform = Transform3D(1, 0, 0, 0, -0.649528, 0.760338, 0, -0.760338, -0.649528, 0, 18.4073, 0)
shadow_enabled = true

[node name="Player" parent="." instance=ExtResource("1_tfpmv")]

[node name="CameraPivot" type="Marker3D" parent="."]
transform = Transform3D(1, 0, 0, 0, 0.823661, 0.567082, 0, -0.567082, 0.823661, 0, -7, -4)

[node name="Camera3D" type="Camera3D" parent="CameraPivot"]
transform = Transform3D(0.999948, 0.0100718, -0.00131758, -0.0101576, 0.991501, -0.129706, 5.21987e-10, 0.129713, 0.991552, 0, 5.76389, 16.8989)

[node name="Cylinders" type="Node3D" parent="."]
transform = Transform3D(1, 0, 0, 0, 1, 0, 0, 0, 1, -24, 1, -21)

[node name="MeshInstance3D" type="MeshInstance3D" parent="Cylinders"]
mesh = SubResource("CylinderMesh_xrsld")

[node name="MeshInstance3D2" type="MeshInstance3D" parent="Cylinders"]
transform = Transform3D(1, 0, 0, 0, 1, 0, 0, 0, 1, 48, 0, 0)
mesh = SubResource("CylinderMesh_xrsld")

[node name="MeshInstance3D3" type="MeshInstance3D" parent="Cylinders"]
transform = Transform3D(1, 0, 0, 0, 1, 0, 0, 0, 1, 48, 0, 42)
mesh = SubResource("CylinderMesh_xrsld")

[node name="MeshInstance3D4" type="MeshInstance3D" parent="Cylinders"]
transform = Transform3D(1, 0, 0, 0, 1, 0, 0, 0, 1, 0, 0, 42)
mesh = SubResource("CylinderMesh_xrsld")

[node name="SpawnPath" type="Path3D" parent="."]
curve = SubResource("Curve3D_0ib2p")

[node name="SpawnLocation" type="PathFollow3D" parent="SpawnPath"]
transform = Transform3D(-0.999887, -0.000208313, 0.0150092, 0, 0.999904, 0.0138777, -0.0150107, 0.0138761, -0.999791, -25.4996, 0.0163422, -22.0838)

[node name="MobTimer" type="Timer" parent="."]
wait_time = 0.5
autostart = true

[node name="UserInterface" type="Control" parent="."]
layout_mode = 3
anchors_preset = 15
anchor_right = 1.0
anchor_bottom = 1.0
grow_horizontal = 2
grow_vertical = 2
theme = SubResource("Theme_fipqf")

[node name="ScoreLabel" type="Label" parent="UserInterface"]
layout_mode = 0
offset_right = 40.0
offset_bottom = 23.0
theme_override_colors/font_color = Color(0, 0, 0, 1)
text = "Score: 0"
script = ExtResource("4_1sdmk")

[node name="Retry" type="ColorRect" parent="UserInterface"]
layout_mode = 1
anchors_preset = 15
anchor_right = 1.0
anchor_bottom = 1.0
grow_horizontal = 2
grow_vertical = 2
color = Color(0, 0, 0, 0.345098)

[node name="Label" type="Label" parent="UserInterface/Retry"]
layout_mode = 1
anchors_preset = 8
anchor_left = 0.5
anchor_top = 0.5
anchor_right = 0.5
anchor_bottom = 0.5
offset_left = -235.5
offset_top = -36.0
offset_right = 235.5
offset_bottom = 36.0
grow_horizontal = 2
grow_vertical = 2
text = "Press Enter to retry"

[connection signal="hit" from="Player" to="." method="_on_player_hit"]
[connection signal="timeout" from="MobTimer" to="." method="_on_mob_timer_timeout"]
