[gd_scene load_steps=9 format=3 uid="uid://ei7yuxef2awf"]

[ext_resource type="Script" path="res://main.gd" id="1_2opj5"]
[ext_resource type="PackedScene" uid="uid://cplpxwv1c5mxs" path="res://player.tscn" id="1_tfpmv"]
[ext_resource type="PackedScene" uid="uid://cufcoli28883l" path="res://mob.tscn" id="2_8jhrn"]

[sub_resource type="BoxShape3D" id="BoxShape3D_punpu"]
size = Vector3(60, 2, 60)

[sub_resource type="BoxMesh" id="BoxMesh_g0b5e"]
size = Vector3(60, 2, 60)

[sub_resource type="StandardMaterial3D" id="StandardMaterial3D_hwtj5"]
albedo_color = Color(0.988235, 0.529412, 0.176471, 1)

[sub_resource type="CylinderMesh" id="CylinderMesh_xrsld"]
material = SubResource("StandardMaterial3D_hwtj5")

[sub_resource type="Curve3D" id="Curve3D_0ib2p"]
_data = {
"points": PackedVector3Array(0, 0, 0, 0, 0, 0, -25.4996, 0.0163422, -22.0838, 0, 0, 0, 0, 0, 0, -26.1746, -0.607769, 22.8791, 0, 0, 0, 0, 0, 0, 24.9918, -0.565453, 22.2681, 0, 0, 0, 0, 0, 0, 24.8959, 0.0456047, -21.7909, 0, 0, 0, 0, 0, 0, -25.4996, 0.0163422, -22.0838),
"tilts": PackedFloat32Array(0, 0, 0, 0, 0)
}
point_count = 5

[node name="Main" type="Node"]
script = ExtResource("1_2opj5")
mob_scene = ExtResource("2_8jhrn")

[node name="Ground" type="StaticBody3D" parent="."]
transform = Transform3D(1, 0, 0, 0, 1, 0, 0, 0, 1, 2.08165e-12, -1, 2.08165e-12)

[node name="CollisionShape3D" type="CollisionShape3D" parent="Ground"]
shape = SubResource("BoxShape3D_punpu")

[node name="MeshInstance3D" type="MeshInstance3D" parent="Ground"]
mesh = SubResource("BoxMesh_g0b5e")

[node name="DirectionalLight3D" type="DirectionalLight3D" parent="."]
transform = Transform3D(1, 0, 0, 0, -0.649528, 0.760338, 0, -0.760338, -0.649528, 0, 18.4073, 0)
shadow_enabled = true

[node name="Player" parent="." instance=ExtResource("1_tfpmv")]

[node name="CameraPivot" type="Marker3D" parent="."]
transform = Transform3D(1, 0, 0, 0, 0.823661, 0.567082, 0, -0.567082, 0.823661, 0, 0, 0)

[node name="Camera3D" type="Camera3D" parent="CameraPivot"]
transform = Transform3D(0.999948, 0.0100718, -0.00131758, -0.0101576, 0.991501, -0.129706, 5.21987e-10, 0.129713, 0.991552, 0, 5.76389, 16.8989)

[node name="Cylinders" type="Node3D" parent="."]
transform = Transform3D(1, 0, 0, 0, 1, 0, 0, 0, 1, -24, 1, -21)

[node name="MeshInstance3D" type="MeshInstance3D" parent="Cylinders"]
mesh = SubResource("CylinderMesh_xrsld")

[node name="MeshInstance3D2" type="MeshInstance3D" parent="Cylinders"]
transform = Transform3D(1, 0, 0, 0, 1, 0, 0, 0, 1, 48, 0, 0)
mesh = SubResource("CylinderMesh_xrsld")

[node name="MeshInstance3D3" type="MeshInstance3D" parent="Cylinders"]
transform = Transform3D(1, 0, 0, 0, 1, 0, 0, 0, 1, 48, 0, 42)
mesh = SubResource("CylinderMesh_xrsld")

[node name="MeshInstance3D4" type="MeshInstance3D" parent="Cylinders"]
transform = Transform3D(1, 0, 0, 0, 1, 0, 0, 0, 1, 0, 0, 42)
mesh = SubResource("CylinderMesh_xrsld")

[node name="SpawnPath" type="Path3D" parent="."]
curve = SubResource("Curve3D_0ib2p")

[node name="SpawnLocation" type="PathFollow3D" parent="SpawnPath"]
transform = Transform3D(-0.999887, -0.000208313, 0.0150092, 0, 0.999904, 0.0138777, -0.0150107, 0.0138761, -0.999791, -25.4996, 0.0163422, -22.0838)

[node name="MobTimer" type="Timer" parent="."]
wait_time = 0.5
autostart = true

[connection signal="timeout" from="MobTimer" to="." method="_on_mob_timer_timeout"]
